E_CT.01,E_CT.02,E_CT.03,E_CX.01,E_CX.02,E_CX.03,E_SQ.01,E_SQ.02,E_T.01,E_T.02,E_T.03,E_S.01,E_S.02
5,5,5,5,5,5,5,5,5,5,5,5,5
5,5,4,5,5,4,4,4,5,4,5,4,4
4,4,4,4,5,5,4,4,4,4,4,4,4
4,4,4,4,4,4,4,4,5,5,5,5,5
3,4,4,4,4,4,4,3,3,4,3,3,4
5,5,5,5,5,5,5,5,5,5,5,5,5
4,3,4,5,5,5,4,4,4,4,5,4,3
3,2,3,3,2,2,2,2,4,3,3,3,3
4,4,3,3,2,2,4,3,4,4,3,4,4
4,5,5,5,3,3,4,4,4,4,4,4,4
5,5,3,5,2,5,2,3,2,3,3,3,4
3,4,4,4,4,3,3,3,3,4,4,5,5
5,5,5,5,5,5,4,4,5,5,4,4,5
4,4,3,4,3,4,2,4,4,3,4,4,3
3,3,4,4,3,4,2,2,3,3,3,4,4
3,3,3,3,3,3,2,3,3,3,3,5,4
3,3,3,3,3,3,3,3,3,3,3,4,4
5,4,4,5,5,5,5,4,5,5,4,4,4
4,5,3,3,5,5,5,4,5,5,5,5,5
3,3,2,2,3,3,2,2,3,3,3,5,5
4,3,3,3,3,2,2,3,3,3,4,3,4
2,3,3,3,2,3,1,1,3,2,2,3,4
4,4,4,4,4,4,3,3,4,3,3,4,3
3,3,4,3,3,3,3,3,3,3,3,4,3
3,3,3,4,4,3,3,3,3,3,3,3,3
4,2,2,4,4,3,2,2,2,2,2,4,4
5,5,3,4,4,4,5,4,3,3,3,5,3
4,3,5,2,3,5,3,3,2,2,3,3,3
5,4,5,4,4,4,4,4,4,4,4,4,4
4,4,5,5,4,4,3,3,4,3,5,4,4
4,4,5,5,4,5,4,4,4,4,4,4,4
4,4,4,4,4,4,4,4,4,4,4,4,4
5,5,5,5,5,5,5,5,5,4,4,4,4
4,5,4,5,5,5,5,5,4,5,5,5,4
4,4,4,2,3,4,4,4,4,4,5,4,2
4,4,4,5,3,3,3,3,4,4,3,3,3
5,5,5,5,5,5,3,4,5,3,5,5,5
5,5,5,5,5,5,5,5,5,1,5,5,5
4,4,4,4,3,4,3,4,4,4,4,4,4
4,4,5,5,4,4,3,4,4,3,4,4,4
4,4,4,5,5,4,3,4,3,4,5,4,4
3,3,4,4,3,3,2,2,3,3,2,3,3
3,3,3,3,5,5,5,5,5,5,5,5,5
4,3,4,3,3,2,3,4,4,3,4,4,4
4,4,4,4,3,3,4,4,3,3,3,3,3
4,3,5,4,3,4,4,4,4,4,4,4,3
3,4,4,4,5,4,4,4,4,4,5,3,4
4,4,4,5,4,5,4,5,5,4,5,5,5
3,3,3,4,3,3,4,5,3,3,3,4,4
4,4,3,3,3,3,4,3,3,3,3,3,3
3,3,3,4,4,3,3,4,3,4,4,4,4
4,4,4,4,4,4,4,4,3,3,4,4,3
5,4,4,5,5,4,4,4,4,3,4,4,4
2,4,2,4,4,4,4,4,4,4,4,2,3
4,3,4,4,3,3,4,4,3,3,3,4,3
3,3,4,4,3,3,3,3,3,3,4,4,4
2,2,4,2,2,4,4,2,2,2,4,4,2
4,4,4,4,4,4,2,3,3,3,4,5,5
3,2,2,4,4,4,1,2,1,3,4,4,4
4,3,3,5,2,4,3,4,4,4,5,4,3
2,2,2,2,4,2,2,3,1,2,4,4,4
5,4,5,5,3,5,5,3,5,4,5,5,4
4,3,3,5,3,4,4,4,4,4,4,3,3
4,4,5,5,3,4,3,3,4,4,5,4,4
3,3,3,3,4,3,2,3,2,3,3,3,3
4,5,5,1,2,3,4,4,5,4,5,3,3
3,3,2,4,3,2,2,3,3,4,4,4,4
4,4,4,4,4,4,3,4,4,4,4,4,4
4,3,4,4,4,3,4,4,3,3,4,3,3
3,2,3,4,4,3,4,4,4,4,4,4,4
5,3,4,5,5,5,5,5,5,3,4,5,4
4,4,4,4,4,4,4,4,4,4,4,4,4
4,4,4,5,4,5,4,4,4,4,4,4,4
4,4,4,5,4,5,4,4,4,4,4,4,4
3,3,3,3,3,3,3,3,3,3,3,3,3
4,3,3,4,4,4,5,4,4,3,4,3,3
4,4,4,4,4,4,4,4,4,3,4,4,4
4,3,3,5,4,5,4,5,2,3,4,4,3
3,4,4,4,2,4,4,5,3,4,5,4,4
2,3,3,5,4,4,2,4,2,3,4,3,3
4,4,4,4,5,5,4,3,4,4,5,4,4
4,4,5,4,4,4,4,4,2,2,3,3,3
3,4,4,4,4,4,5,5,5,5,4,5,4
3,3,4,4,4,4,3,3,3,3,4,4,4
4,4,4,4,4,5,5,5,4,3,3,3,4
4,4,4,3,1,2,4,3,3,3,4,4,3
4,4,5,5,5,5,5,4,5,5,5,5,5
5,4,4,4,4,4,4,4,4,4,3,5,4
4,3,2,3,2,3,3,2,2,3,4,4,3
4,4,4,4,4,4,4,3,4,4,4,4,4
5,3,3,5,3,3,3,4,3,3,5,4,4
4,4,4,5,5,4,3,4,4,4,4,4,4
4,4,4,4,3,4,3,4,4,4,3,3,3
4,3,4,4,4,4,3,3,4,4,4,3,3
4,4,4,3,1,2,4,3,3,3,4,4,3
4,4,5,5,4,4,4,4,4,4,4,4,4
3,2,2,3,1,3,2,3,2,2,3,3,3
4,4,3,4,4,4,4,4,3,3,4,4,4
5,4,4,5,4,4,4,4,4,4,4,5,5
4,3,4,5,4,4,4,4,5,4,4,5,4
4,5,4,4,4,4,5,5,4,4,5,5,4
4,5,5,5,4,4,4,4,5,3,3,5,4
5,4,5,4,4,5,4,4,4,4,4,5,4
4,5,4,5,4,4,4,3,4,4,4,4,4
4,5,4,5,5,4,5,5,4,5,4,4,5
5,5,4,4,3,4,5,4,5,5,4,4,4
5,4,4,5,4,4,4,4,5,4,5,4,4
3,3,2,3,2,2,3,3,3,4,2,3,3
4,4,4,5,5,5,5,4,5,4,4,5,4
4,5,4,5,5,5,4,4,4,5,4,5,4
4,5,4,4,4,4,4,4,4,4,4,5,4
3,3,3,4,4,4,2,2,4,4,4,4,4
5,5,4,5,4,4,5,4,5,4,3,5,4
2,3,3,2,2,3,2,3,5,4,4,4,4
4,3,4,5,2,4,5,5,3,3,4,4,4
3,3,4,4,4,4,3,4,4,4,4,4,4
4,4,4,5,5,5,4,5,5,4,5,4,4
5,4,4,4,4,4,5,4,4,4,4,4,4
5,4,4,4,4,4,5,4,4,4,5,5,4
4,5,4,5,5,4,4,4,5,4,4,5,4
5,4,5,5,4,5,4,4,4,4,4,4,5
4,3,3,4,5,4,3,4,5,5,4,4,4
5,5,5,5,5,4,4,4,5,5,4,5,4
4,4,4,4,4,4,4,3,4,5,4,4,4
5,4,4,4,4,5,4,5,4,4,4,5,5
5,5,4,3,4,5,4,4,4,4,4,5,4
4,4,4,5,5,4,4,4,4,5,4,5,4
2,2,3,3,3,3,3,2,2,2,2,2,3
3,4,4,4,4,5,5,4,5,4,4,4,4
4,4,4,4,5,5,4,4,5,4,4,4,5
4,4,5,5,5,5,4,4,4,4,4,4,4
4,5,4,5,4,4,4,4,4,4,4,5,5
5,4,4,4,4,4,4,4,4,5,4,4,5
5,4,4,5,4,4,5,4,4,5,4,4,5
4,4,5,4,4,5,5,4,4,4,4,4,4
4,4,5,4,5,4,5,4,4,5,4,5,5
4,4,4,3,4,4,5,4,5,4,4,4,4
4,4,4,4,4,5,5,5,4,4,5,5,5
5,4,4,4,5,4,4,4,5,4,4,4,4
4,5,4,4,4,4,4,5,4,4,5,5,4
4,5,4,4,4,4,5,4,4,3,4,4,4
4,5,4,4,5,5,4,4,3,4,4,5,4
4,4,3,3,4,4,4,4,4,4,5,4,4
4,4,5,4,4,3,4,4,4,4,4,4,4
4,5,4,5,4,5,4,5,5,4,5,4,5
5,5,4,5,5,4,4,5,4,4,5,5,4
5,4,4,4,4,4,5,5,5,5,5,5,5
4,3,3,4,5,4,4,3,4,4,3,4,4
3,4,3,4,4,3,3,4,3,2,4,5,3
5,5,5,5,5,5,5,5,5,4,5,5,5
5,5,5,4,5,4,5,5,5,4,5,5,5
5,5,5,5,5,5,5,5,5,5,5,5,5
5,5,4,4,5,4,4,5,4,5,5,5,5
5,5,5,5,4,5,5,5,4,5,5,5,5
5,5,5,5,5,5,5,5,5,5,5,5,5
5,4,5,4,5,5,5,5,5,4,5,5,5
4,4,5,5,4,4,5,4,4,5,4,5,4
5,5,5,4,4,4,4,4,4,4,4,5,4
4,5,4,4,4,5,4,5,3,4,5,5,4
3,4,4,4,4,5,4,5,5,4,4,4,4
5,4,4,5,4,5,4,4,4,4,4,4,5
5,4,3,4,4,4,4,4,4,4,4,5,4
4,5,4,3,3,4,2,3,4,4,4,4,5
5,4,5,4,5,4,5,4,5,4,4,3,4
5,4,3,5,4,5,4,4,4,4,4,4,4
5,4,5,5,5,4,5,5,4,4,3,4,5
4,4,5,5,4,4,5,4,5,5,5,5,4
4,4,4,4,5,5,5,5,4,5,5,3,4
5,4,5,4,5,4,5,5,2,4,3,5,5
5,4,5,4,5,4,4,5,5,4,5,5,4
5,4,5,4,5,4,1,2,4,5,4,4,4
5,4,4,5,5,5,4,4,5,5,4,5,4
5,4,3,4,5,3,4,4,4,4,5,5,3
5,4,4,4,5,4,4,4,3,3,3,5,5
4,5,4,5,5,5,5,4,4,5,5,4,4
4,3,4,4,3,4,4,5,4,4,5,5,5
4,5,5,4,5,5,5,4,4,5,4,5,4
5,4,4,4,4,5,5,4,4,5,4,5,5
5,5,4,5,4,4,4,4,4,5,4,5,5
4,4,4,4,5,5,3,4,4,4,4,5,5
5,4,5,4,5,4,5,4,4,5,4,5,4
5,5,4,4,5,4,4,5,5,5,4,5,4
5,5,4,4,4,5,3,4,5,5,5,5,4
4,4,5,4,5,4,5,3,4,4,4,5,5
5,4,5,5,4,4,5,4,5,5,5,5,5
5,4,5,4,4,5,4,5,4,4,4,5,4
4,5,5,4,4,4,5,3,4,4,4,4,4
4,4,5,4,4,3,5,5,4,4,4,5,4
3,3,4,4,5,3,3,3,4,4,4,4,5
5,4,4,4,5,4,5,4,5,4,4,4,4
5,5,5,4,4,5,4,4,5,4,4,4,4
4,5,4,4,4,5,4,4,4,4,4,5,4
5,5,4,4,4,4,5,4,5,5,4,4,5
3,3,4,4,5,4,5,5,5,4,4,5,4
5,4,4,5,5,4,4,5,5,5,4,5,4
4,4,4,4,4,5,4,5,5,5,4,4,4
5,4,4,4,5,5,4,4,5,5,5,5,4
5,4,5,4,5,4,5,4,5,4,4,5,4
5,4,4,4,4,5,5,5,4,4,4,4,5
4,5,4,4,4,4,4,4,4,5,4,5,4
